6,1,9,1
6,2,9,2
6,3,9,3
6,4,9,4
6,5,9,5
6,6,9,6
6,7,10,1
6,8,10,2
6,9,10,3
6,10,11,1
6,11,11,2
6,12,11,3
6,13,11,4
6,14,11,5
6,15,11,6
6,16,11,7
6,17,11,8
6,18,11,9
7,1,12,1
7,2,12,2
7,3,13,1
7,4,13,2
7,5,13,3
3,1,14,1
3,2,14,2
3,3,14,3
3,4,14,4
4,1,15,1
4,2,15,2
4,3,16,1
5,1,17,1
5,2,17,2
5,3,17,3
9,0,19,1
10,0,19,2
11,0,19,3
13,0,19,4
9,0,20,1
11,0,20,2
17,0,20,3
13,0,20,4
9,0,21,1
11,0,21,2
15,0,21,3
13,0,21,4
12,0,22,1
10,0,22,2
11,0,22,3
16,0,22,4
9,0,23,1
11,0,23,2
11,0,23,3
14,0,23,4
9,0,24,1
11,0,24,2
17,0,24,3
14,0,24,4
9,0,25,1
11,0,25,2
15,0,25,3
14,0,25,4
12,0,26,1
10,0,26,2
11,0,26,3
14,0,26,4
19,1,28,1
19,2,28,2
19,3,28,3
19,4,28,4
20,1,29,1
20,2,29,2
20,3,29,3
20,4,29,4
21,1,30,1
21,2,30,2
21,3,30,3
21,4,30,4
22,1,31,1
22,2,31,2
22,3,31,3
22,4,31,4
23,1,32,1
23,2,32,2
23,3,32,3
23,4,32,4
24,1,33,1
24,2,33,2
24,3,33,3
24,4,33,4
25,1,34,1
25,2,34,2
25,3,34,3
25,4,34,4
26,1,35,1
26,2,35,2
26,3,35,3
26,4,35,4
28,1,37,1
29,2,37,2
30,1,38,1
31,2,38,2
32,1,39,1
33,2,39,2
34,1,40,1
35,2,40,2
29,1,41,1
28,2,41,2
31,1,42,1
30,2,42,2
33,1,43,1
32,2,43,2
35,1,44,1
34,2,44,2
37,1,46,1
38,1,46,2
39,1,47,1
40,1,47,2
41,1,48,1
42,1,48,2
43,1,49,1
44,1,49,2
46,1,51,1
47,1,51,2
48,1,52,1
49,1,52,2
51,2,54,1
52,2,54,2
51,1,56,1
52,1,56,2
60,0,64,1
61,0,64,2
61,0,64,3
61,0,64,4
62,0,64,5
62,0,64,6
60,0,65,1
60,0,65,2
60,0,65,3
60,0,65,4
60,0,65,5
61,0,66,1
61,0,66,2
61,0,66,3
61,0,66,4
61,0,66,5
61,0,66,6
61,0,66,7
61,0,66,8
62,0,66,9
62,0,66,10
62,0,66,11
62,0,66,12
62,0,66,13
62,0,66,14
62,0,66,15
66,0,68,1
66,0,68,2
66,0,68,3
66,0,68,4
66,0,68,5
66,0,68,6
66,0,68,7
66,0,68,8
66,0,68,9
66,0,68,10
66,0,68,11
64,1,70,1
64,2,70,2
64,3,70,3
64,4,70,4
64,5,70,5
64,6,70,6
73,0,78,1
74,0,78,2
75,0,78,3
76,0,78,4
73,0,79,1
74,0,79,2
75,0,79,3
76,0,79,4
73,0,80,1
74,0,80,2
75,0,80,3
76,0,80,4
73,0,81,1
74,0,81,2
75,0,81,3
76,0,81,4
78,1,83,1
79,2,83,2
80,1,84,1
81,2,84,2
79,1,85,1
78,2,85,2
81,1,86,1
80,2,86,2
83,1,88,1
84,1,88,2
85,1,89,1
86,1,89,2
88,1,91,1
89,1,91,2
94,0,98,1
95,0,98,2
95,0,98,3
95,0,98,4
96,0,98,5
96,0,98,6
94,0,99,1
94,0,99,2
94,0,99,3
94,0,99,4
94,0,99,5
95,0,100,1
95,0,100,2
95,0,100,3
95,0,100,4
95,0,100,5
95,0,100,6
95,0,100,7
95,0,100,8
96,0,100,9
96,0,100,10
96,0,100,11
96,0,100,12
96,0,100,13
96,0,100,14
96,0,100,15
100,0,102,1
100,0,102,2
100,0,102,3
100,0,102,4
100,0,102,5
100,0,102,6
100,0,102,7
100,0,102,8
100,0,102,9
98,1,104,1
98,2,104,2
98,3,104,3
98,4,104,4
98,5,104,5
98,6,104,6
114,1,116,1
114,2,116,2
114,3,116,3
114,4,116,4
114,5,116,5
114,6,116,6
114,7,116,7
114,8,116,8
116,1,118,1
116,2,118,2
116,3,118,3
116,4,118,4
116,5,119,1
116,6,119,2
116,7,119,3
116,8,119,4
113,1,121,1
113,2,121,2
113,3,121,3
113,4,121,4
113,5,121,5
113,6,121,6
113,7,121,7
113,8,121,8
113,9,121,9
113,10,121,10
113,11,121,11
113,12,121,12
121,1,123,1
121,2,123,2
121,3,123,3
121,4,123,4
121,5,123,5
121,6,123,6
121,7,124,1
121,8,124,2
121,9,124,3
121,10,124,4
121,11,124,5
121,12,124,6
118,0,126,1
119,0,126,2
118,0,127,1
119,0,127,2
118,0,128,1
119,0,128,2
118,0,129,1
119,0,129,2
124,0,130,1
123,0,130,2
124,0,131,1
123,0,131,2
124,0,132,1
123,0,132,2
124,0,133,1
123,0,133,2
124,0,134,1
123,0,134,2
124,0,135,1
123,0,135,2
112,1,137,1
112,2,137,2
130,1,137,3
131,1,137,4
132,1,137,5
133,1,137,6
134,1,137,7
135,1,137,8
137,1,139,1
137,2,139,2
137,3,139,3
137,4,139,4
137,5,140,1
137,6,140,2
137,7,140,3
137,8,140,4
140,0,142,1
139,0,142,2
140,0,143,1
139,0,143,2
140,0,144,1
139,0,144,2
140,0,145,1
139,0,145,2
126,1,146,1
127,1,146,2
128,1,147,1
129,1,147,2
110,1,149,1
111,1,150,1
111,2,150,2
111,3,150,3
111,4,150,4
111,5,150,5
111,6,150,6
111,7,150,7
111,8,150,8
111,9,150,9
111,10,150,10
111,11,150,11
111,12,150,12
111,13,150,13
111,14,150,14
111,15,150,15
111,16,150,16
111,17,150,17
111,18,150,18
111,19,150,19
111,20,150,20
111,21,150,21
111,22,150,22
111,23,150,23
111,24,150,24
111,25,150,25
142,1,150,26
143,1,150,27
144,1,150,28
145,1,150,29
146,1,150,30
147,1,150,31
149,1,152,1
150,1,152,2
150,2,152,3
150,3,152,4
150,4,152,5
150,5,152,6
150,6,152,7
150,7,152,8
150,8,153,1
150,9,153,2
150,10,153,3
150,11,153,4
150,12,153,5
150,13,153,6
150,14,153,7
150,15,153,8
150,16,154,1
150,17,154,2
150,18,154,3
150,19,154,4
150,20,154,5
150,21,154,6
150,22,154,7
150,23,154,8
150,24,155,1
150,25,155,2
150,26,155,3
150,27,155,4
150,28,155,5
150,29,155,6
150,30,155,7
150,31,155,8
152,0,157,1
153,0,157,2
154,0,157,3
155,0,157,4
152,0,158,1
153,0,158,2
154,0,158,3
155,0,158,4
152,0,159,1
153,0,159,2
154,0,159,3
155,0,159,4
152,0,160,1
153,0,160,2
154,0,160,3
155,0,160,4
152,0,161,1
153,0,161,2
154,0,161,3
155,0,161,4
152,0,162,1
153,0,162,2
154,0,162,3
155,0,162,4
152,0,163,1
153,0,163,2
154,0,163,3
155,0,163,4
152,0,164,1
153,0,164,2
154,0,164,3
155,0,164,4
157,1,166,1
158,1,166,2
159,1,166,3
160,1,166,4
161,1,166,5
162,1,166,6
163,1,166,7
164,1,166,8
157,2,167,1
158,2,167,2
159,2,167,3
160,2,167,4
161,2,167,5
162,2,167,6
163,2,167,7
164,2,167,8
157,3,168,1
158,3,168,2
159,3,168,3
160,3,168,4
161,3,168,5
162,3,168,6
163,3,168,7
164,3,168,8
167,0,170,1
166,0,170,2
167,0,171,1
166,0,171,2
167,0,172,1
166,0,172,2
167,0,173,1
166,0,173,2
167,0,174,1
166,0,174,2
167,0,175,1
166,0,175,2
167,0,176,1
166,0,176,2
167,0,177,1
166,0,177,2
170,1,179,1
171,1,179,2
172,1,179,3
173,1,179,4
174,1,179,5
175,1,179,6
176,1,179,7
177,1,179,8
179,0,181,1
179,0,181,2
179,0,182,1
179,0,182,2
179,0,183,1
179,0,183,2
179,0,184,1
179,0,184,2
181,1,186,1
182,1,186,2
183,1,186,3
184,1,186,4
186,0,188,1
186,0,188,2
186,0,189,1
186,0,189,2
188,1,191,1
189,1,191,2
196,1,198,1
196,2,198,2
196,3,198,3
196,4,198,4
196,5,198,5
196,6,198,6
198,1,200,1
198,2,200,2
198,3,200,3
198,4,201,1
198,5,201,2
198,6,201,3
201,0,203,1
200,0,203,2
201,0,204,1
200,0,204,2
201,0,205,1
200,0,205,2
195,1,207,1
195,2,207,2
195,3,207,3
195,4,207,4
195,5,207,5
195,6,207,6
195,7,207,7
195,8,207,8
195,9,207,9
195,10,207,10
195,11,207,11
195,12,207,12
195,13,207,13
195,14,207,14
195,15,207,15
195,16,207,16
195,17,207,17
195,18,207,18
195,19,207,19
195,20,207,20
195,21,207,21
195,22,207,22
195,23,207,23
195,24,207,24
195,25,207,25
195,26,207,26
195,27,207,27
195,28,207,28
195,29,207,29
195,30,207,30
195,31,207,31
195,32,207,32
195,33,207,33
203,1,207,34
204,1,207,35
205,1,207,36
207,1,209,1
207,2,209,2
207,3,209,3
207,4,209,4
207,5,209,5
207,6,209,6
207,7,209,7
207,8,209,8
207,9,209,9
207,10,209,10
207,11,209,11
207,12,209,12
207,13,209,13
207,14,209,14
207,15,209,15
207,16,209,16
207,17,209,17
207,18,209,18
207,19,210,1
207,20,210,2
207,21,210,3
207,22,210,4
207,23,210,5
207,24,210,6
207,25,210,7
207,26,210,8
207,27,210,9
207,28,210,10
207,29,210,11
207,30,210,12
207,31,210,13
207,32,210,14
207,33,210,15
207,34,210,16
207,35,210,17
207,36,210,18
210,0,212,1
209,0,212,2
210,0,213,1
209,0,213,2
210,0,214,1
209,0,214,2
210,0,215,1
209,0,215,2
210,0,216,1
209,0,216,2
210,0,217,1
209,0,217,2
210,0,218,1
209,0,218,2
210,0,219,1
209,0,219,2
210,0,220,1
209,0,220,2
210,0,221,1
209,0,221,2
210,0,222,1
209,0,222,2
210,0,223,1
209,0,223,2
210,0,224,1
209,0,224,2
210,0,225,1
209,0,225,2
210,0,226,1
209,0,226,2
210,0,227,1
209,0,227,2
210,0,228,1
209,0,228,2
210,0,229,1
209,0,229,2
130,2,230,1
133,2,230,2
131,2,231,1
134,2,231,2
132,2,232,1
135,2,232,2
126,2,234,1
127,2,234,2
128,2,234,3
129,2,234,4
142,2,234,5
143,2,234,6
144,2,234,7
145,2,234,8
146,2,234,9
147,2,234,10
194,1,234,11
194,2,234,12
194,3,234,13
194,4,234,14
194,5,234,15
194,6,234,16
194,7,234,17
194,8,234,18
194,9,234,19
194,10,234,20
194,11,234,21
194,12,234,22
194,13,234,23
194,14,234,24
194,15,234,25
194,16,234,26
194,17,234,27
212,1,234,28
213,1,234,29
214,1,234,30
215,1,234,31
216,1,234,32
217,1,234,33
218,1,234,34
219,1,234,35
220,1,234,36
221,1,234,37
222,1,234,38
223,1,234,39
224,1,234,40
225,1,234,41
226,1,234,42
227,1,234,43
228,1,234,44
229,1,234,45
230,1,234,46
231,1,234,47
232,1,234,48
234,1,236,1
234,2,236,2
234,3,236,3
234,4,236,4
234,5,236,5
234,6,236,6
234,7,236,7
234,8,236,8
234,9,236,9
234,10,236,10
234,11,236,11
234,12,236,12
234,13,237,1
234,14,237,2
234,15,237,3
234,16,237,4
234,17,237,5
234,18,237,6
234,19,237,7
234,20,237,8
234,21,237,9
234,22,237,10
234,23,237,11
234,24,237,12
234,25,238,1
234,26,238,2
234,27,238,3
234,28,238,4
234,29,238,5
234,30,238,6
234,31,238,7
234,32,238,8
234,33,238,9
234,34,238,10
234,35,238,11
234,36,238,12
234,37,239,1
234,38,239,2
234,39,239,3
234,40,239,4
234,41,239,5
234,42,239,6
234,43,239,7
234,44,239,8
234,45,239,9
234,46,239,10
234,47,239,11
234,48,239,12
236,0,241,1
237,0,241,2
238,0,241,3
239,0,241,4
236,0,242,1
237,0,242,2
238,0,242,3
239,0,242,4
236,0,243,1
237,0,243,2
238,0,243,3
239,0,243,4
236,0,244,1
237,0,244,2
238,0,244,3
239,0,244,4
236,0,245,1
237,0,245,2
238,0,245,3
239,0,245,4
236,0,246,1
237,0,246,2
238,0,246,3
239,0,246,4
236,0,247,1
237,0,247,2
238,0,247,3
239,0,247,4
236,0,248,1
237,0,248,2
238,0,248,3
239,0,248,4
236,0,249,1
237,0,249,2
238,0,249,3
239,0,249,4
236,0,250,1
237,0,250,2
238,0,250,3
239,0,250,4
236,0,251,1
237,0,251,2
238,0,251,3
239,0,251,4
236,0,252,1
237,0,252,2
238,0,252,3
239,0,252,4
168,1,254,1
168,2,254,2
168,3,254,3
168,4,254,4
168,5,254,5
168,6,254,6
168,7,254,7
168,8,254,8
241,1,256,1
242,1,256,2
243,1,256,3
244,1,256,4
245,1,256,5
246,1,256,6
247,1,256,7
248,1,256,8
249,1,256,9
250,1,256,10
251,1,256,11
252,1,256,12
254,1,256,13
254,2,256,14
254,3,256,15
254,4,256,16
241,2,257,1
242,2,257,2
243,2,257,3
244,2,257,4
245,2,257,5
246,2,257,6
247,2,257,7
248,2,257,8
249,2,257,9
250,2,257,10
251,2,257,11
252,2,257,12
254,5,257,13
254,6,257,14
254,7,257,15
254,8,257,16
257,0,259,1
256,0,259,2
257,0,260,1
256,0,260,2
257,0,261,1
256,0,261,2
257,0,262,1
256,0,262,2
257,0,263,1
256,0,263,2
257,0,264,1
256,0,264,2
257,0,265,1
256,0,265,2
257,0,266,1
256,0,266,2
257,0,267,1
256,0,267,2
257,0,268,1
256,0,268,2
257,0,269,1
256,0,269,2
257,0,270,1
256,0,270,2
257,0,271,1
256,0,271,2
257,0,272,1
256,0,272,2
257,0,273,1
256,0,273,2
257,0,274,1
256,0,274,2
259,1,276,1
260,1,276,2
261,1,276,3
262,1,276,4
263,1,276,5
264,1,276,6
265,1,276,7
266,1,276,8
267,1,276,9
268,1,276,10
269,1,276,11
270,1,276,12
271,1,276,13
272,1,276,14
273,1,276,15
274,1,276,16
276,0,278,1
276,0,278,2
276,0,279,1
276,0,279,2
276,0,280,1
276,0,280,2
276,0,281,1
276,0,281,2
276,0,282,1
276,0,282,2
276,0,283,1
276,0,283,2
276,0,284,1
276,0,284,2
276,0,285,1
276,0,285,2
278,1,287,1
279,1,287,2
280,1,287,3
281,1,287,4
282,1,287,5
283,1,287,6
284,1,287,7
285,1,287,8
287,0,289,1
287,0,289,2
287,0,290,1
287,0,290,2
287,0,291,1
287,0,291,2
287,0,292,1
287,0,292,2
289,1,294,1
290,1,294,2
291,1,294,3
292,1,294,4
294,0,296,1
294,0,296,2
294,0,297,1
294,0,297,2
296,1,299,1
297,1,299,2
303,7,305,1
303,9,305,2
303,8,306,1
303,10,306,2
303,1,308,1
305,1,308,2
303,2,309,1
306,1,309,2
303,3,310,1
303,6,310,2
303,4,311,1
303,5,311,2
308,1,313,1
311,1,313,2
309,1,314,1
310,1,314,2
313,1,316,1
314,1,316,2
319,1,321,1
319,2,321,2
319,3,321,3
319,4,321,4
319,5,321,5
319,6,321,6
319,7,322,1
319,8,322,2
319,9,322,3
319,10,322,4
319,11,322,5
319,12,322,6
321,5,326,1
322,1,326,2
321,4,328,1
326,1,328,2
332,1,334,1
332,16,334,2
332,2,335,1
332,15,335,2
332,3,336,1
332,14,336,2
332,4,337,1
332,13,337,2
332,5,338,1
332,12,338,2
332,6,339,1
332,11,339,2
332,7,340,1
332,10,340,2
332,8,341,1
332,9,341,2
334,1,343,1
341,1,343,2
335,1,344,1
340,1,344,2
336,1,345,1
339,1,345,2
337,1,346,1
338,1,346,2
343,1,348,1
346,1,348,2
344,1,349,1
345,1,349,2
348,1,351,1
349,1,351,2
354,1,356,1
354,2,356,2
354,3,356,3
354,4,356,4
354,5,356,5
354,6,356,6
354,7,357,1
354,9,357,2
354,12,357,3
354,14,357,4
354,16,357,5
354,8,358,1
354,10,358,2
354,11,358,3
354,13,358,4
354,15,358,5
357,1,362,1
358,1,362,2
356,4,364,1
362,1,364,2
368,5,370,1
368,12,370,2
368,6,371,1
368,11,371,2
368,7,372,1
368,10,372,2
368,8,373,1
368,9,373,2
368,1,375,1
373,1,375,2
368,2,376,1
372,1,376,2
368,3,377,1
371,1,377,2
368,4,378,1
370,1,378,2
375,1,380,1
378,1,380,2
376,1,381,1
377,1,381,2
380,1,383,1
381,1,383,2
386,1,388,1
386,2,388,2
386,3,388,3
386,4,388,4
386,5,388,5
386,6,388,6
386,7,389,1
386,10,389,2
386,11,389,3
386,14,389,4
386,8,390,1
386,9,390,2
386,12,390,3
386,13,390,4
389,1,394,1
390,2,394,2
389,2,395,1
390,1,395,2
394,1,397,1
395,1,397,2
397,1,399,2
388,3,399,1
406,1,408,1
406,2,408,2
406,3,408,3
406,4,408,4
406,5,408,5
406,6,408,6
406,7,408,7
406,8,408,8
406,9,408,9
406,10,408,10
406,11,408,11
406,12,408,12
406,13,408,13
406,14,408,14
406,15,408,15
406,16,408,16
406,17,408,17
406,18,408,18
406,19,408,19
406,20,408,20
406,21,408,21
406,22,408,22
406,23,408,23
406,24,408,24
408,1,410,1
408,2,410,2
408,3,411,1
408,4,411,2
408,5,412,1
408,6,412,2
408,7,413,1
408,8,413,2
408,9,414,1
408,10,414,2
408,11,415,1
408,12,415,2
408,13,416,1
408,14,416,2
408,15,417,1
408,16,417,2
410,2,419,1
410,1,419,2
411,2,420,1
411,1,420,2
412,2,421,1
412,1,421,2
413,2,422,1
413,1,422,2
414,2,423,1
414,1,423,2
415,2,424,1
415,1,424,2
416,2,425,1
416,1,425,2
417,2,426,1
417,1,426,2
408,17,428,25
408,18,428,26
408,19,428,27
408,20,428,28
408,21,428,29
408,22,428,30
408,23,428,31
408,24,428,32
419,1,428,33
420,1,428,34
421,1,428,35
422,1,428,36
423,1,428,37
424,1,428,38
425,1,428,39
426,1,428,40
428,1,430,1
428,2,430,2
428,3,431,1
428,4,431,2
428,5,432,1
428,6,432,2
428,7,433,1
428,8,433,2
428,9,434,1
428,10,434,2
428,11,435,1
428,12,435,2
428,13,436,1
428,14,436,2
428,15,437,1
428,16,437,2
428,17,438,1
428,18,438,2
428,19,439,1
428,20,439,2
428,21,440,1
428,22,440,2
428,23,441,1
428,24,441,2
428,25,442,1
428,26,442,2
428,27,443,1
428,28,443,2
428,29,444,1
428,30,444,2
428,31,445,1
428,32,445,2
428,33,446,1
428,34,446,2
428,35,447,1
428,36,447,2
428,37,448,1
428,38,448,2
428,39,449,1
428,40,449,2
430,2,451,1
430,1,451,2
431,2,452,1
431,1,452,2
432,2,453,1
432,1,453,2
433,2,454,1
433,1,454,2
434,2,455,1
434,1,455,2
435,2,456,1
435,1,456,2
436,2,457,1
436,1,457,2
437,2,458,1
437,1,458,2
438,2,459,1
438,1,459,2
439,2,460,1
439,1,460,2
440,2,461,1
440,1,461,2
441,2,462,1
441,1,462,2
442,2,463,1
442,1,463,2
443,2,464,1
443,1,464,2
444,2,465,1
444,1,465,2
445,2,466,1
445,1,466,2
446,2,467,1
446,1,467,2
447,2,468,1
447,1,468,2
448,2,469,1
448,1,469,2
449,2,470,1
449,1,470,2
451,1,472,45
452,1,472,46
453,1,472,47
454,1,472,48
455,1,472,49
456,1,472,50
457,1,472,51
458,1,472,52
459,1,472,53
460,1,472,54
461,1,472,55
462,1,472,56
463,1,472,57
464,1,472,58
465,1,472,59
466,1,472,60
467,1,472,61
468,1,472,62
469,1,472,63
470,1,472,64
472,1,474,1
472,2,474,2
472,3,475,1
472,4,475,2
472,5,476,1
472,6,476,2
472,7,477,1
472,8,477,2
472,9,478,1
472,10,478,2
472,11,479,1
472,12,479,2
472,13,480,1
472,14,480,2
472,15,481,1
472,16,481,2
472,17,482,1
472,18,482,2
472,19,483,1
472,20,483,2
472,21,484,1
472,22,484,2
472,23,485,1
472,24,485,2
472,25,486,1
472,26,486,2
472,27,487,1
472,28,487,2
472,29,488,1
472,30,488,2
472,31,489,1
472,32,489,2
472,33,490,1
472,34,490,2
472,35,491,1
472,36,491,2
472,37,492,1
472,38,492,2
472,39,493,1
472,40,493,2
472,41,494,1
472,42,494,2
472,43,495,1
472,44,495,2
472,45,496,1
472,46,496,2
472,47,497,1
472,48,497,2
472,49,498,1
472,50,498,2
472,51,499,1
472,52,499,2
472,53,500,1
472,54,500,2
472,55,501,1
472,56,501,2
472,57,502,1
472,58,502,2
472,59,503,1
472,60,503,2
472,61,504,1
472,62,504,2
472,63,505,1
472,64,505,2
474,2,507,1
474,1,507,2
475,2,508,1
475,1,508,2
476,2,509,1
476,1,509,2
477,2,510,1
477,1,510,2
478,2,511,1
478,1,511,2
479,2,512,1
479,1,512,2
480,2,513,1
480,1,513,2
481,2,514,1
481,1,514,2
482,2,515,1
482,1,515,2
483,2,516,1
483,1,516,2
484,2,517,1
484,1,517,2
485,2,518,1
485,1,518,2
486,2,519,1
486,1,519,2
487,2,520,1
487,1,520,2
488,2,521,1
488,1,521,2
489,2,522,1
489,1,522,2
490,2,523,1
490,1,523,2
491,2,524,1
491,1,524,2
492,2,525,1
492,1,525,2
493,2,526,1
493,1,526,2
494,2,527,1
494,1,527,2
495,2,528,1
495,1,528,2
496,2,529,1
496,1,529,2
497,2,530,1
497,1,530,2
498,2,531,1
498,1,531,2
499,2,532,1
499,1,532,2
500,2,533,1
500,1,533,2
501,2,534,1
501,1,534,2
502,2,535,1
502,1,535,2
503,2,536,1
503,1,536,2
504,2,537,1
504,1,537,2
505,2,538,1
505,1,538,2
507,1,540,1
508,1,540,2
509,1,540,3
510,1,540,4
511,1,540,5
512,1,540,6
513,1,540,7
514,1,540,8
515,1,540,9
516,1,540,10
517,1,540,11
518,1,540,12
519,1,540,13
520,1,540,14
521,1,540,15
522,1,540,16
523,1,540,17
524,1,540,18
525,1,540,19
526,1,540,20
527,1,540,21
528,1,540,22
529,1,540,23
530,1,540,24
531,1,540,25
532,1,540,26
533,1,540,27
534,1,540,28
535,1,540,29
536,1,540,30
537,1,540,31
538,1,540,32
540,1,542,1
540,2,542,2
540,3,543,1
540,4,543,2
540,5,544,1
540,6,544,2
540,7,545,1
540,8,545,2
540,9,546,1
540,10,546,2
540,11,547,1
540,12,547,2
540,13,548,1
540,14,548,2
540,15,549,1
540,16,549,2
540,17,550,1
540,18,550,2
540,19,551,1
540,20,551,2
540,21,552,1
540,22,552,2
540,23,553,1
540,24,553,2
540,25,554,1
540,26,554,2
540,27,555,1
540,28,555,2
540,29,556,1
540,30,556,2
540,31,557,1
540,32,557,2
542,2,559,1
542,1,559,2
543,2,560,1
543,1,560,2
544,2,561,1
544,1,561,2
545,2,562,1
545,1,562,2
546,2,563,1
546,1,563,2
547,2,564,1
547,1,564,2
548,2,565,1
548,1,565,2
549,2,566,1
549,1,566,2
550,2,567,1
550,1,567,2
551,2,568,1
551,1,568,2
552,2,569,1
552,1,569,2
553,2,570,1
553,1,570,2
554,2,571,1
554,1,571,2
555,2,572,1
555,1,572,2
556,2,573,1
556,1,573,2
557,2,574,1
557,1,574,2
559,1,576,1
560,1,576,2
561,1,576,3
562,1,576,4
563,1,576,5
564,1,576,6
565,1,576,7
566,1,576,8
567,1,576,9
568,1,576,10
569,1,576,11
570,1,576,12
571,1,576,13
572,1,576,14
573,1,576,15
574,1,576,16
576,1,578,1
576,2,578,2
576,3,579,1
576,4,579,2
576,5,580,1
576,6,580,2
576,7,581,1
576,8,581,2
576,9,582,1
576,10,582,2
576,11,583,1
576,12,583,2
576,13,584,1
576,14,584,2
576,15,585,1
576,16,585,2
578,1,587,1
579,1,587,2
580,1,587,3
581,1,587,4
582,1,587,5
583,1,587,6
584,1,587,7
585,1,587,8
587,1,589,1
587,2,589,2
587,3,590,1
587,4,590,2
587,5,591,1
587,6,591,2
587,7,592,1
587,8,592,2
589,1,594,1
590,1,594,2
591,1,594,3
592,1,594,4
594,1,596,1
594,2,596,2
594,3,597,1
594,4,597,2
596,1,599,1
597,1,599,2
602,1,605,1
602,2,605,2
602,3,605,3
602,4,605,4
602,5,605,5
602,6,605,6
602,7,605,7
602,8,605,8
602,9,605,9
602,10,605,10
602,11,605,11
602,12,605,12
602,13,605,13
602,14,605,14
602,15,605,15
602,16,605,16
602,17,605,17
602,18,605,18
602,19,605,19
602,20,605,20
602,21,605,21
602,22,605,22
602,23,605,23
602,24,605,24
602,25,605,25
602,26,605,26
602,27,605,27
602,28,605,28
602,29,605,29
602,30,605,30
602,31,605,31
602,32,605,32
602,33,605,33
602,34,605,34
602,35,605,35
602,36,605,36
602,37,605,37
602,38,605,38
602,39,605,39
602,40,605,40
602,41,605,41
602,42,605,42
602,43,605,43
602,44,605,44
602,45,605,45
602,46,605,46
602,47,605,47
602,48,605,48
602,49,605,49
602,50,605,50
602,51,605,51
602,52,605,52
602,53,605,53
602,54,605,54
602,55,605,55
602,56,605,56
602,57,605,57
602,58,605,58
602,59,605,59
602,60,605,60
602,61,605,61
602,62,605,62
602,63,605,63
602,64,605,64
602,65,605,65
602,66,605,66
602,67,605,67
602,68,605,68
602,69,605,69
602,70,605,70
602,71,605,71
602,72,605,72
605,1,607,1
605,2,607,2
605,3,608,1
605,4,608,2
605,5,609,1
605,6,609,2
605,7,610,1
605,8,610,2
605,9,611,1
605,10,611,2
605,11,612,1
605,12,612,2
605,13,613,1
605,14,613,2
605,15,614,1
605,16,614,2
605,17,615,1
605,18,615,2
605,19,616,1
605,20,616,2
605,21,617,1
605,22,617,2
605,23,618,1
605,24,618,2
605,25,619,1
605,26,619,2
605,27,620,1
605,28,620,2
605,29,621,1
605,30,621,2
605,31,622,1
605,32,622,2
605,33,623,1
605,34,623,2
605,35,624,1
605,36,624,2
605,37,625,1
605,38,625,2
605,39,626,1
605,40,626,2
605,41,627,1
605,42,627,2
605,43,628,1
605,44,628,2
605,45,629,1
605,46,629,2
605,47,630,1
605,48,630,2
605,49,631,1
605,50,631,2
605,51,632,1
605,52,632,2
605,53,633,1
605,54,633,2
605,55,634,1
605,56,634,2
605,57,635,1
605,58,635,2
605,59,636,1
605,60,636,2
605,61,637,1
605,62,637,2
605,63,638,1
605,64,638,2
605,65,639,1
605,66,639,2
605,67,640,1
605,68,640,2
605,69,641,1
605,70,641,2
605,71,642,1
605,72,642,2
603,9,644,1
603,10,644,2
603,11,644,3
603,12,644,4
603,13,644,5
603,14,644,6
603,15,644,7
603,16,644,8
603,17,644,9
603,18,644,10
603,19,644,11
603,20,644,12
607,1,644,13
608,1,644,14
609,1,644,15
610,1,644,16
611,1,644,17
612,1,644,18
613,1,644,19
614,1,644,20
615,1,644,21
616,1,644,22
617,1,644,23
618,1,644,24
619,1,644,25
620,1,644,26
621,1,644,27
622,1,644,28
623,1,644,29
624,1,644,30
625,1,644,31
626,1,644,32
627,1,644,33
628,1,644,34
629,1,644,35
630,1,644,36
631,1,644,37
632,1,644,38
633,1,644,39
634,1,644,40
635,1,644,41
636,1,644,42
637,1,644,43
638,1,644,44
639,1,644,45
640,1,644,46
641,1,644,47
642,1,644,48
644,1,646,1
644,2,646,2
644,3,647,1
644,4,647,2
644,5,648,1
644,6,648,2
644,7,649,1
644,8,649,2
644,9,650,1
644,10,650,2
644,11,651,1
644,12,651,2
644,13,652,1
644,14,652,2
644,15,653,1
644,16,653,2
644,17,654,1
644,18,654,2
644,19,655,1
644,20,655,2
644,21,656,1
644,22,656,2
644,23,657,1
644,24,657,2
644,25,658,1
644,26,658,2
644,27,659,1
644,28,659,2
644,29,660,1
644,30,660,2
644,31,661,1
644,32,661,2
644,33,662,1
644,34,662,2
644,35,663,1
644,36,663,2
644,37,664,1
644,38,664,2
644,39,665,1
644,40,665,2
644,41,666,1
644,42,666,2
644,43,667,1
644,44,667,2
644,45,668,1
644,46,668,2
644,47,669,1
644,48,669,2
603,1,671,1
603,2,671,2
603,3,671,3
603,4,671,4
603,5,671,5
603,6,671,6
603,7,671,7
603,8,671,8
646,1,671,9
647,1,671,10
648,1,671,11
649,1,671,12
650,1,671,13
651,1,671,14
652,1,671,15
653,1,671,16
654,1,671,17
655,1,671,18
656,1,671,19
657,1,671,20
658,1,671,21
659,1,671,22
660,1,671,23
661,1,671,24
662,1,671,25
663,1,671,26
664,1,671,27
665,1,671,28
666,1,671,29
667,1,671,30
668,1,671,31
669,1,671,32
671,1,673,1
671,2,673,2
671,3,674,1
671,4,674,2
671,5,675,1
671,6,675,2
671,7,676,1
671,8,676,2
671,9,677,1
671,10,677,2
671,11,678,1
671,12,678,2
671,13,679,1
671,14,679,2
671,15,680,1
671,16,680,2
671,17,681,1
671,18,681,2
671,19,682,1
671,20,682,2
671,21,683,1
671,22,683,2
671,23,684,1
671,24,684,2
671,25,685,1
671,26,685,2
671,27,686,1
671,28,686,2
671,29,687,1
671,30,687,2
671,31,688,1
671,32,688,2
673,1,690,1
674,1,690,2
675,1,690,3
676,1,690,4
677,1,690,5
678,1,690,6
679,1,690,7
680,1,690,8
681,1,690,9
682,1,690,10
683,1,690,11
684,1,690,12
685,1,690,13
686,1,690,14
687,1,690,15
688,1,690,16
690,1,692,1
690,2,692,2
690,3,693,1
690,4,693,2
690,5,694,1
690,6,694,2
690,7,695,1
690,8,695,2
690,9,696,1
690,10,696,2
690,11,697,1
690,12,697,2
690,13,698,1
690,14,698,2
690,15,699,1
690,16,699,2
692,1,701,1
693,1,701,2
694,1,701,3
695,1,701,4
696,1,701,5
697,1,701,6
698,1,701,7
699,1,701,8
701,1,703,1
701,2,703,2
701,3,704,1
701,4,704,2
701,5,705,1
701,6,705,2
701,7,706,1
701,8,706,2
703,1,708,1
704,1,708,2
705,1,708,3
706,1,708,4
708,1,710,1
708,2,710,2
708,3,711,1
708,4,711,2
710,1,713,1
711,1,713,2
716,1,718,1
716,2,718,2
716,3,718,3
716,4,718,4
716,5,718,5
716,6,718,6
716,7,718,7
716,8,718,8
716,9,718,9
716,10,718,10
716,11,718,11
716,12,718,12
716,13,718,13
716,14,718,14
716,15,718,15
716,16,718,16
716,17,718,17
716,18,718,18
716,19,718,19
716,20,718,20
716,21,718,21
716,22,718,22
716,23,718,23
716,24,718,24
716,25,718,25
716,26,718,26
716,27,718,27
716,28,718,28
716,29,718,29
716,30,718,30
716,31,718,31
716,32,718,32
716,33,718,33
716,34,718,34
716,35,718,35
716,36,718,36
716,37,718,37
716,38,718,38
716,39,718,39
716,40,718,40
716,41,718,41
716,42,718,42
716,43,718,43
716,44,718,44
716,45,718,45
716,46,718,46
716,47,718,47
716,48,718,48
718,1,720,1
718,2,720,2
718,3,720,3
718,4,720,4
718,5,720,5
718,6,720,6
718,7,720,7
718,8,720,8
718,25,721,1
718,26,721,2
718,27,721,3
718,28,721,4
718,29,721,5
718,30,721,6
718,31,721,7
718,32,721,8
718,9,724,1
718,10,724,2
718,11,725,1
718,12,725,2
718,13,726,1
718,14,726,2
718,15,727,1
718,16,727,2
718,17,729,1
718,18,729,2
718,19,730,1
718,20,730,2
718,21,731,1
718,22,731,2
718,23,732,1
718,24,732,2
718,33,734,1
718,34,734,2
718,35,735,1
718,36,735,2
718,37,736,1
718,38,736,2
718,39,737,1
718,40,737,2
718,41,739,1
718,42,739,2
718,43,740,1
718,44,740,2
718,45,741,1
718,46,741,2
718,47,742,1
718,48,742,2
720,1,744,1
720,2,744,2
720,3,744,3
720,4,744,4
720,5,744,5
720,6,744,6
720,7,744,7
720,8,744,8
724,1,744,9
725,1,744,10
726,1,744,11
727,1,744,12
729,1,744,13
730,1,744,14
731,1,744,15
732,1,744,16
721,1,745,1
721,2,745,2
721,3,745,3
721,4,745,4
721,5,745,5
721,6,745,6
721,7,745,7
721,8,745,8
734,1,745,9
735,1,745,10
736,1,745,11
737,1,745,12
739,1,745,13
740,1,745,14
741,1,745,15
742,1,745,16
744,1,748,1
744,2,748,2
744,3,749,1
744,4,749,2
744,5,750,1
744,6,750,2
744,7,751,1
744,8,751,2
744,9,752,1
744,10,752,2
744,11,753,1
744,12,753,2
744,13,754,1
744,14,754,2
744,15,755,1
744,16,755,2
745,1,757,1
745,2,757,2
745,3,758,1
745,4,758,2
745,5,759,1
745,6,759,2
745,7,760,1
745,8,760,2
745,9,761,1
745,10,761,2
745,11,762,1
745,12,762,2
745,13,763,1
745,14,763,2
745,15,764,1
745,16,764,2
748,1,766,1
749,1,766,2
750,1,766,3
751,1,766,4
752,1,766,5
753,1,766,6
754,1,766,7
755,1,766,8
757,1,767,1
758,1,767,2
759,1,767,3
760,1,767,4
761,1,767,5
762,1,767,6
763,1,767,7
764,1,767,8
766,1,770,1
766,2,770,2
766,3,771,1
766,4,771,2
766,5,772,1
766,6,772,2
766,7,773,1
766,8,773,2
767,1,775,1
767,2,775,2
767,3,776,1
767,4,776,2
767,5,777,1
767,6,777,2
767,7,778,1
767,8,778,2
770,1,780,1
771,1,780,2
772,1,780,3
773,1,780,4
775,1,781,1
776,1,781,2
777,1,781,3
778,1,781,4
780,1,784,1
780,2,784,2
780,3,785,1
780,4,785,2
781,1,787,1
781,2,787,2
781,3,788,1
781,4,788,2
784,1,790,1
785,1,790,2
787,1,791,1
788,1,791,2
790,1,793,1
791,1,793,2
799,6,810,1
799,3,810,2
799,5,811,1
799,4,811,2
811,1,813,1
810,1,813,2
802,6,818,1
802,3,818,2
802,5,819,1
802,4,819,2
819,1,821,1
818,1,821,2
805,7,826,1
805,4,826,2
805,6,827,1
805,5,827,2
827,1,829,1
826,1,829,2
837,1,839,1
837,2,839,2
837,3,839,3
837,4,839,4
837,5,839,5
837,6,839,6
837,7,839,7
837,8,839,8
837,9,839,9
837,10,839,10
837,11,839,11
837,12,839,12
837,13,839,13
837,14,839,14
837,15,839,15
837,16,839,16
837,17,839,17
837,18,839,18
837,19,839,19
837,20,839,20
839,1,841,1
839,2,841,2
839,3,842,1
839,4,842,2
839,5,843,1
839,6,843,2
839,7,844,1
839,8,844,2
839,9,845,1
839,10,845,2
839,11,846,1
839,12,846,2
839,13,847,1
839,14,847,2
839,15,848,1
839,16,848,2
836,1,850,1
836,2,850,2
836,3,850,3
836,4,850,4
836,5,850,5
836,6,850,6
836,7,850,7
836,8,850,8
836,9,850,9
836,10,850,10
836,11,850,11
836,12,850,12
836,13,850,13
836,14,850,14
836,15,850,15
836,16,850,16
836,17,850,17
836,18,850,18
836,19,850,19
836,20,850,20
839,17,850,21
839,18,850,22
839,19,850,23
839,20,850,24
841,1,850,25
842,1,850,26
843,1,850,27
844,1,850,28
845,1,850,29
846,1,850,30
847,1,850,31
848,1,850,32
850,1,852,1
850,2,852,2
850,3,853,1
850,4,853,2
850,5,854,1
850,6,854,2
850,7,855,1
850,8,855,2
850,9,856,1
850,10,856,2
850,11,857,1
850,12,857,2
850,13,858,1
850,14,858,2
850,15,859,1
850,16,859,2
850,17,860,1
850,18,860,2
850,19,861,1
850,20,861,2
850,21,862,1
850,22,862,2
850,23,863,1
850,24,863,2
850,25,864,1
850,26,864,2
850,27,865,1
850,28,865,2
850,29,866,1
850,30,866,2
850,31,867,1
850,32,867,2
852,1,869,1
853,1,869,2
854,1,869,3
855,1,869,4
856,1,869,5
857,1,869,6
858,1,869,7
859,1,869,8
860,1,869,9
861,1,869,10
862,1,869,11
863,1,869,12
864,1,869,13
865,1,869,14
866,1,869,15
867,1,869,16
869,1,871,1
869,2,871,2
869,3,872,1
869,4,872,2
869,5,873,1
869,6,873,2
869,7,874,1
869,8,874,2
869,9,875,1
869,10,875,2
869,11,876,1
869,12,876,2
869,13,877,1
869,14,877,2
869,15,878,1
869,16,878,2
871,1,880,1
872,1,880,2
873,1,880,3
874,1,880,4
875,1,880,5
876,1,880,6
877,1,880,7
878,1,880,8
880,1,882,1
880,2,882,2
880,3,883,1
880,4,883,2
880,5,884,1
880,6,884,2
880,7,885,1
880,8,885,2
882,1,887,1
883,1,887,2
884,1,887,3
885,1,887,4
887,1,889,1
887,2,889,2
887,3,890,1
887,4,890,2
889,1,892,1
890,1,892,2
896,1,898,1
896,2,898,2
896,3,898,3
896,4,898,4
896,5,898,5
896,6,898,6
896,7,898,7
896,8,898,8
896,9,898,9
896,10,898,10
896,11,898,11
896,12,898,12
896,13,898,13
896,14,898,14
896,15,898,15
896,16,898,16
896,17,898,17
896,18,898,18
896,19,898,19
896,20,898,20
898,1,900,1
898,2,900,2
898,3,901,1
898,4,901,2
898,5,902,1
898,6,902,2
898,7,903,1
898,8,903,2
898,9,904,1
898,10,904,2
898,11,905,1
898,12,905,2
898,13,906,1
898,14,906,2
898,15,907,1
898,16,907,2
895,1,909,1
895,2,909,2
895,3,909,3
895,4,909,4
895,5,909,5
895,6,909,6
895,7,909,7
895,8,909,8
895,9,909,9
895,10,909,10
895,11,909,11
895,12,909,12
895,13,909,13
895,14,909,14
895,15,909,15
895,16,909,16
895,17,909,17
895,18,909,18
895,19,909,19
895,20,909,20
898,17,909,21
898,18,909,22
898,19,909,23
898,20,909,24
900,1,909,25
901,1,909,26
902,1,909,27
903,1,909,28
904,1,909,29
905,1,909,30
906,1,909,31
907,1,909,32
909,1,911,1
909,2,911,2
909,3,912,1
909,4,912,2
909,5,913,1
909,6,913,2
909,7,914,1
909,8,914,2
909,9,915,1
909,10,915,2
909,11,916,1
909,12,916,2
909,13,917,1
909,14,917,2
909,15,918,1
909,16,918,2
909,17,919,1
909,18,919,2
909,19,920,1
909,20,920,2
909,21,921,1
909,22,921,2
909,23,922,1
909,24,922,2
909,25,923,1
909,26,923,2
909,27,924,1
909,28,924,2
909,29,925,1
909,30,925,2
909,31,926,1
909,32,926,2
911,1,928,1
912,1,928,2
913,1,928,3
914,1,928,4
915,1,928,5
916,1,928,6
917,1,928,7
918,1,928,8
919,1,928,9
920,1,928,10
921,1,928,11
922,1,928,12
923,1,928,13
924,1,928,14
925,1,928,15
926,1,928,16
928,1,930,1
928,2,930,2
928,3,931,1
928,4,931,2
928,5,932,1
928,6,932,2
928,7,933,1
928,8,933,2
928,9,934,1
928,10,934,2
928,11,935,1
928,12,935,2
928,13,936,1
928,14,936,2
928,15,937,1
928,16,937,2
930,1,939,1
931,1,939,2
932,1,939,3
933,1,939,4
934,1,939,5
935,1,939,6
936,1,939,7
937,1,939,8
939,1,941,1
939,2,941,2
939,3,942,1
939,4,942,2
939,5,943,1
939,6,943,2
939,7,944,1
939,8,944,2
941,1,946,1
942,1,946,2
943,1,946,3
944,1,946,4
946,1,948,1
946,2,948,2
946,3,949,1
946,4,949,2
948,1,951,1
949,1,951,2
957,4,962,1
957,5,962,2
957,3,964,1
962,1,964,2
954,18,966,1
964,1,966,2
971,1,974,1
971,2,974,2
971,3,974,3
971,4,974,4
971,5,974,5
971,6,974,6
971,7,974,7
971,8,974,8
971,9,974,9
971,10,974,10
971,11,974,11
971,12,974,12
971,13,974,13
971,14,974,14
971,15,974,15
971,16,974,16
971,17,974,17
971,18,974,18
972,1,974,19
972,2,974,20
972,3,974,21
972,4,974,22
972,5,974,23
972,6,974,24
972,7,974,25
972,8,974,26
972,9,974,27
972,10,974,28
974,1,976,1
974,2,976,2
974,3,977,1
974,4,977,2
974,5,978,1
974,6,978,2
974,7,979,1
974,8,979,2
974,9,980,1
974,10,980,2
974,11,981,1
974,12,981,2
974,13,982,1
974,14,982,2
974,15,983,1
974,16,983,2
974,17,984,1
974,18,984,2
974,19,985,1
974,20,985,2
974,21,986,1
974,22,986,2
974,23,987,1
974,24,987,2
974,25,988,1
974,26,988,2
974,27,989,1
974,28,989,2
970,1,991,1
970,2,991,2
970,3,991,3
970,4,991,4
970,5,991,5
970,6,991,6
970,7,991,7
970,8,991,8
970,9,991,9
970,10,991,10
970,11,991,11
970,12,991,12
970,13,991,13
970,14,991,14
970,15,991,15
970,16,991,16
970,17,991,17
970,18,991,18
976,1,991,19
977,1,991,20
978,1,991,21
979,1,991,22
980,1,991,23
981,1,991,24
982,1,991,25
983,1,991,26
984,1,991,27
985,1,991,28
986,1,991,29
987,1,991,30
988,1,991,31
989,1,991,32
991,1,993,1
991,2,993,2
991,3,994,1
991,4,994,2
991,5,995,1
991,6,995,2
991,7,996,1
991,8,996,2
991,9,997,1
991,10,997,2
991,11,998,1
991,12,998,2
991,13,999,1
991,14,999,2
991,15,1000,1
991,16,1000,2
991,17,1001,1
991,18,1001,2
991,19,1002,1
991,20,1002,2
991,21,1003,1
991,22,1003,2
991,23,1004,1
991,24,1004,2
991,25,1005,1
991,26,1005,2
991,27,1006,1
991,28,1006,2
991,29,1007,1
991,30,1007,2
991,31,1008,1
991,32,1008,2
993,1,1010,1
994,1,1010,2
995,1,1010,3
996,1,1010,4
997,1,1010,5
998,1,1010,6
999,1,1010,7
1000,1,1010,8
1001,1,1010,9
1002,1,1010,10
1003,1,1010,11
1004,1,1010,12
1005,1,1010,13
1006,1,1010,14
1007,1,1010,15
1008,1,1010,16
1010,1,1012,1
1010,2,1012,2
1010,3,1013,1
1010,4,1013,2
1010,5,1014,1
1010,6,1014,2
1010,7,1015,1
1010,8,1015,2
1010,9,1016,1
1010,10,1016,2
1010,11,1017,1
1010,12,1017,2
1010,13,1018,1
1010,14,1018,2
1010,15,1019,1
1010,16,1019,2
1012,1,1021,1
1013,1,1021,2
1014,1,1021,3
1015,1,1021,4
1016,1,1021,5
1017,1,1021,6
1018,1,1021,7
1019,1,1021,8
1021,1,1023,1
1021,2,1023,2
1021,3,1024,1
1021,4,1024,2
1021,5,1025,1
1021,6,1025,2
1021,7,1026,1
1021,8,1026,2
1023,1,1028,1
1024,1,1028,2
1025,1,1028,3
1026,1,1028,4
1028,1,1030,1
1028,2,1030,2
1028,3,1031,1
1028,4,1031,2
1030,1,1033,1
1031,1,1033,2
1036,16,1044,1
1039,3,1044,2
1039,16,1052,1
1047,3,1052,2
1055,1,1057,1
1055,2,1057,2
1061,10,1063,2
1061,7,1063,1
1061,8,1064,1
1061,9,1064,2
1063,2,1066,1
1063,1,1066,2
1064,2,1067,1
1064,1,1067,2
1061,1,1069,1
1066,1,1069,2
1061,2,1070,1
1067,1,1070,2
1061,3,1071,1
1061,5,1071,2
1061,4,1072,1
1061,6,1072,2
1069,2,1074,1
1069,1,1074,2
1070,2,1075,1
1070,1,1075,2
1071,2,1076,1
1071,1,1076,2
1072,2,1077,1
1072,1,1077,2
1074,1,1079,1
1077,1,1079,2
1075,1,1080,1
1076,1,1080,2
1079,1,1082,1
1080,1,1082,2
1093,1,1095,1
1093,2,1095,2
1093,3,1095,3
1093,4,1095,4
1093,5,1095,5
1093,6,1095,6
1093,7,1095,7
1093,8,1095,8
1093,9,1095,9
1093,10,1095,10
1093,11,1095,11
1093,12,1095,12
1093,13,1095,13
1093,14,1095,14
1093,15,1095,15
1093,16,1095,16
1093,17,1095,17
1093,18,1095,18
1093,19,1095,19
1093,20,1095,20
1095,19,1097,1
1095,20,1097,2
1095,1,1099,1
1095,18,1099,2
1095,2,1100,1
1097,1,1100,2
1092,10,1101,1
1095,3,1101,2
1092,11,1102,1
1095,4,1102,2
1092,12,1103,1
1095,5,1103,2
1095,6,1104,1
1095,17,1104,2
1092,13,1105,1
1095,7,1105,2
1092,14,1106,1
1095,8,1106,2
1092,15,1107,1
1095,9,1107,2
1092,16,1108,1
1095,10,1108,2
1092,17,1109,1
1095,11,1109,2
1092,18,1110,1
1095,12,1110,2
1095,13,1111,1
1095,16,1111,2
1092,19,1112,1
1095,14,1112,2
1092,20,1113,1
1095,15,1113,2
1099,1,1115,1
1100,1,1115,2
1101,1,1116,1
1102,1,1116,2
1103,1,1117,1
1104,1,1117,2
1105,1,1118,1
1106,1,1118,2
1107,1,1119,1
1108,1,1119,2
1109,1,1120,1
1110,1,1120,2
1111,1,1121,1
1112,1,1121,2
1113,1,1122,1
1092,9,1122,2
1092,1,1124,1
1122,1,1124,2
1092,8,1125,1
1115,1,1125,2
1092,4,1126,1
1119,1,1126,2
1092,5,1127,1
1118,1,1127,2
1092,2,1128,1
1121,1,1128,2
1092,7,1129,1
1116,1,1129,2
1092,3,1130,1
1120,1,1130,2
1092,6,1131,1
1117,1,1131,2
1124,1,1133,1
1125,1,1133,2
1126,1,1134,1
1127,1,1134,2
1128,1,1135,1
1129,1,1135,2
1130,1,1136,1
1131,1,1136,2
1133,1,1138,1
1134,1,1138,2
1135,1,1139,1
1136,1,1139,2
1138,1,1141,1
1139,1,1141,2
1147,6,1152,1
1147,7,1152,2
1147,5,1153,1
1147,8,1153,2
1152,1,1155,1
1147,3,1155,2
1153,1,1156,1
1147,4,1156,2
1155,1,1158,1
1156,1,1158,2
1162,15,1164,1
1162,18,1164,2
1162,16,1165,1
1162,17,1165,2
1162,1,1167,1
1164,1,1167,2
1162,2,1168,1
1165,1,1168,2
1162,3,1169,1
1162,14,1169,2
1162,4,1170,1
1162,13,1170,2
1162,5,1171,1
1162,12,1171,2
1162,6,1172,1
1162,11,1172,2
1162,7,1173,1
1162,10,1173,2
1162,8,1174,1
1162,9,1174,2
1167,1,1176,1
1174,1,1176,2
1168,1,1177,1
1173,1,1177,2
1169,1,1178,1
1172,1,1178,2
1170,1,1179,1
1171,1,1179,2
1176,1,1181,1
1179,1,1181,2
1177,1,1182,1
1178,1,1182,2
1181,1,1184,1
1182,1,1184,2
1191,1,1193,1
1191,16,1193,2
1191,2,1194,1
1191,15,1194,2
1191,3,1195,1
1191,14,1195,2
1191,4,1196,1
1191,13,1196,2
1191,5,1197,1
1191,12,1197,2
1191,6,1198,1
1191,11,1198,2
1191,7,1199,1
1191,10,1199,2
1191,8,1200,1
1191,9,1200,2
1193,1,1202,1
1200,1,1202,2
1194,1,1203,1
1199,1,1203,2
1195,1,1204,1
1198,1,1204,2
1196,1,1205,1
1197,1,1205,2
1202,1,1207,1
1205,1,1207,2
1203,1,1208,1
1204,1,1208,2
1207,1,1210,1
1208,1,1210,2
1217,1,1219,1
1217,16,1219,2
1217,2,1220,1
1217,15,1220,2
1217,3,1221,1
1217,14,1221,2
1217,4,1222,1
1217,13,1222,2
1217,5,1223,1
1217,12,1223,2
1217,6,1224,1
1217,11,1224,2
1217,7,1225,1
1217,10,1225,2
1217,8,1226,1
1217,9,1226,2
1219,1,1228,1
1226,1,1228,2
1220,1,1229,1
1225,1,1229,2
1221,1,1230,1
1224,1,1230,2
1222,1,1231,1
1223,1,1231,2
1228,1,1233,1
1231,1,1233,2
1229,1,1234,1
1230,1,1234,2
1233,1,1236,1
1234,1,1236,2
1239,1,1241,1
1239,2,1241,2
1239,3,1241,3
1239,4,1241,4
1239,5,1241,5
1239,6,1241,6
1239,7,1241,7
1239,8,1241,8
1239,9,1242,1
1239,10,1242,2
1239,11,1242,3
1239,12,1242,4
1239,13,1242,5
1239,14,1242,6
1239,15,1242,7
1239,16,1242,8
1246,1,1248,1
1246,16,1248,2
1246,2,1249,1
1246,15,1249,2
1246,3,1250,1
1246,14,1250,2
1246,4,1251,1
1246,13,1251,2
1246,5,1252,1
1246,12,1252,2
1246,6,1253,1
1246,11,1253,2
1246,7,1254,1
1246,10,1254,2
1246,8,1255,1
1246,9,1255,2
1248,1,1257,1
1255,1,1257,2
1249,1,1258,1
1254,1,1258,2
1250,1,1259,1
1253,1,1259,2
1251,1,1260,1
1252,1,1260,2
1257,1,1262,1
1260,1,1262,2
1258,1,1263,1
1259,1,1263,2
1262,1,1265,1
1263,1,1265,2
1272,11,1274,1
1272,14,1274,2
1272,12,1275,1
1272,13,1275,2
1272,5,1277,1
1274,1,1277,2
1272,6,1278,1
1275,1,1278,2
1272,7,1279,1
1272,10,1279,2
1272,8,1280,1
1272,9,1280,2
1272,1,1282,1
1280,1,1282,2
1272,2,1283,1
1279,1,1283,2
1272,3,1284,1
1278,1,1284,2
1272,4,1285,1
1277,1,1285,2
1282,1,1287,1
1285,1,1287,2
1283,1,1288,1
1284,1,1288,2
1287,1,1290,1
1288,1,1290,2
1293,1,1295,1
1293,2,1295,2
1293,3,1295,3
1293,4,1295,4
1293,5,1295,5
1293,6,1295,6
1293,7,1296,1
1293,8,1296,2
1293,9,1296,3
1293,10,1296,4
1293,11,1296,5
1293,12,1296,6
1293,13,1296,7
1293,14,1296,8
1300,5,1302,1
1300,12,1302,2
1300,6,1303,1
1300,11,1303,2
1300,7,1304,1
1300,10,1304,2
1300,8,1305,1
1300,9,1305,2
1302,2,1307,1
1302,1,1307,2
1303,2,1308,1
1303,1,1308,2
1304,2,1309,1
1304,1,1309,2
1305,2,1310,1
1305,1,1310,2
1300,1,1312,1
1307,1,1312,2
1300,2,1313,1
1308,1,1313,2
1300,3,1314,1
1309,1,1314,2
1300,4,1315,1
1310,1,1315,2
1312,2,1317,1
1312,1,1317,2
1313,2,1318,1
1313,1,1318,2
1314,2,1319,1
1314,1,1319,2
1315,2,1320,1
1315,1,1320,2
1317,1,1322,1
1320,1,1322,2
1318,1,1323,1
1319,1,1323,2
1322,1,1325,1
1323,1,1325,2
1328,1,1330,1
1328,2,1330,2
1328,3,1330,3
1328,4,1330,4
1328,5,1330,5
1328,6,1330,6
1328,7,1331,1
1328,8,1331,2
1328,9,1331,3
1328,10,1331,4
1328,11,1331,5
1328,12,1331,6
1335,1,1337,1
1335,4,1337,2
1335,3,1338,1
1335,2,1338,2
1337,1,1340,1
1338,1,1340,2
1344,0,1347,1
1344,0,1347,2
1344,0,1348,1
1344,0,1348,2
1344,0,1349,1
1344,0,1349,2
1344,0,1350,1
1344,0,1350,2
1344,0,1351,1
1344,0,1351,2
1344,0,1352,1
1344,0,1352,2
1344,0,1353,1
1344,0,1353,2
1344,0,1354,1
1344,0,1354,2
1344,0,1355,1
1344,0,1355,2
1344,0,1356,1
1344,0,1356,2
1347,2,1358,1
1347,1,1358,2
1348,2,1359,1
1348,1,1359,2
1349,2,1360,1
1349,1,1360,2
1350,2,1361,1
1350,1,1361,2
1351,2,1362,1
1351,1,1362,2
1352,2,1363,1
1352,1,1363,2
1353,2,1364,1
1353,1,1364,2
1354,2,1365,1
1354,1,1365,2
1355,2,1366,1
1355,1,1366,2
1356,2,1367,1
1356,1,1367,2
1358,1,1369,1
1359,1,1369,2
1360,1,1369,3
1361,1,1369,4
1362,1,1369,5
1363,1,1369,6
1364,1,1369,7
1365,1,1369,8
1366,1,1369,9
1367,1,1369,10
1345,1,1369,11
1345,2,1369,12
1345,3,1369,13
1345,4,1369,14
1343,1,1369,15
1343,2,1369,16
1343,3,1369,17
1343,4,1369,18
1343,5,1369,19
1343,6,1369,20
1343,7,1369,21
1343,8,1369,22
1343,9,1369,23
1343,10,1369,24
1343,11,1369,25
1343,12,1369,26
1343,13,1369,27
1343,14,1369,28
1343,15,1369,29
1343,16,1369,30
1343,17,1369,31
1343,18,1369,32
1369,0,1371,1
1369,0,1371,2
1369,0,1372,1
1369,0,1372,2
1369,0,1373,1
1369,0,1373,2
1369,0,1374,1
1369,0,1374,2
1369,0,1375,1
1369,0,1375,2
1369,0,1376,1
1369,0,1376,2
1369,0,1377,1
1369,0,1377,2
1369,0,1378,1
1369,0,1378,2
1369,0,1379,1
1369,0,1379,2
1369,0,1380,1
1369,0,1380,2
1369,0,1381,1
1369,0,1381,2
1369,0,1382,1
1369,0,1382,2
1369,0,1383,1
1369,0,1383,2
1369,0,1384,1
1369,0,1384,2
1369,0,1385,1
1369,0,1385,2
1369,0,1386,1
1369,0,1386,2
1371,2,1388,1
1371,1,1388,2
1372,2,1389,1
1372,1,1389,2
1373,2,1390,1
1373,1,1390,2
1374,2,1391,1
1374,1,1391,2
1375,2,1392,1
1375,1,1392,2
1376,2,1393,1
1376,1,1393,2
1377,2,1394,1
1377,1,1394,2
1378,2,1395,1
1378,1,1395,2
1379,2,1396,1
1379,1,1396,2
1380,2,1397,1
1380,1,1397,2
1381,2,1398,1
1381,1,1398,2
1382,2,1399,1
1382,1,1399,2
1383,2,1400,1
1383,1,1400,2
1384,2,1401,1
1384,1,1401,2
1385,2,1402,1
1385,1,1402,2
1386,2,1403,1
1386,1,1403,2
1388,1,1405,1
1389,1,1405,2
1390,1,1405,3
1391,1,1405,4
1392,1,1405,5
1393,1,1405,6
1394,1,1405,7
1395,1,1405,8
1396,1,1405,9
1397,1,1405,10
1398,1,1405,11
1399,1,1405,12
1400,1,1405,13
1401,1,1405,14
1402,1,1405,15
1403,1,1405,16
1405,0,1407,1
1405,0,1407,2
1405,0,1408,1
1405,0,1408,2
1405,0,1409,1
1405,0,1409,2
1405,0,1410,1
1405,0,1410,2
1405,0,1411,1
1405,0,1411,2
1405,0,1412,1
1405,0,1412,2
1405,0,1413,1
1405,0,1413,2
1405,0,1414,1
1405,0,1414,2
1407,2,1416,1
1407,1,1416,2
1408,2,1417,1
1408,1,1417,2
1409,2,1418,1
1409,1,1418,2
1410,2,1419,1
1410,1,1419,2
1411,2,1420,1
1411,1,1420,2
1412,2,1421,1
1412,1,1421,2
1413,2,1422,1
1413,1,1422,2
1414,2,1423,1
1414,1,1423,2
1416,1,1425,1
1417,1,1425,2
1418,1,1425,3
1419,1,1425,4
1420,1,1425,5
1421,1,1425,6
1422,1,1425,7
1423,1,1425,8
1425,0,1427,1
1425,0,1427,2
1425,0,1428,1
1425,0,1428,2
1425,0,1429,1
1425,0,1429,2
1425,0,1430,1
1425,0,1430,2
1427,2,1432,1
1427,1,1432,2
1428,2,1433,1
1428,1,1433,2
1429,2,1434,1
1429,1,1434,2
1430,2,1435,1
1430,1,1435,2
1432,1,1437,1
1433,1,1437,2
1434,1,1438,1
1435,1,1438,2
1437,1,1440,1
1438,1,1440,2
1446,6,1451,1
1446,3,1451,2
1446,5,1452,1
1446,4,1452,2
1452,1,1454,1
1451,1,1454,2
1458,1,1460,1
1458,8,1460,2
1458,12,1460,3
1458,16,1460,4
1458,2,1461,1
1458,7,1461,2
1458,11,1461,3
1458,15,1461,4
1458,3,1462,1
1458,6,1462,2
1458,10,1462,3
1458,14,1462,4
1458,4,1463,1
1458,5,1463,2
1458,9,1463,3
1458,13,1463,4
1460,1,1465,1
1463,2,1465,2
1460,2,1466,1
1463,1,1466,2
1461,1,1467,1
1462,2,1467,2
1461,2,1468,1
1462,1,1468,2
1465,1,1470,1
1468,1,1470,2
1466,1,1471,1
1467,1,1471,2
1470,1,1473,1
1471,1,1473,2
1480,7,1482,1
1480,10,1482,2
1480,8,1483,1
1480,9,1483,2
1480,1,1485,1
1482,1,1485,2
1480,2,1486,1
1483,1,1486,2
1480,3,1487,1
1480,6,1487,2
1480,4,1488,1
1480,5,1488,2
1485,1,1490,1
1488,1,1490,2
1486,1,1491,1
1487,1,1491,2
1490,1,1493,1
1491,1,1493,2
1503,15,1505,1
1503,18,1505,2
1503,16,1506,1
1503,17,1506,2
1503,1,1508,1
1505,1,1508,2
1503,2,1509,1
1506,1,1509,2
1503,3,1510,1
1503,14,1510,2
1503,4,1511,1
1503,13,1511,2
1503,5,1512,1
1503,12,1512,2
1503,6,1513,1
1503,11,1513,2
1503,7,1514,1
1503,10,1514,2
1503,8,1515,1
1503,9,1515,2
1508,1,1517,1
1515,1,1517,2
1509,1,1518,1
1514,1,1518,2
1510,1,1519,1
1513,1,1519,2
1511,1,1520,1
1512,1,1520,2
1517,1,1522,1
1520,1,1522,2
1518,1,1523,1
1519,1,1523,2
1522,1,1525,1
1523,1,1525,2
1529,0,1531,1
1535,0,1537,1
1535,0,1537,2
1535,0,1537,3
1535,0,1537,4
1535,0,1537,5
1535,0,1537,6
1535,0,1537,7
1535,0,1537,8
1535,0,1537,9
1535,0,1537,10
1535,0,1537,11
1535,0,1537,12
1535,0,1537,13
1535,0,1537,14
1535,0,1537,15
1535,0,1537,16
1535,0,1537,17
1535,0,1537,18
1535,0,1537,19
1535,0,1537,20
1535,0,1537,21
1537,1,1539,1
1537,2,1539,2
1539,1,1541,1
1537,3,1541,2
1537,4,1542,1
1537,5,1542,2
1537,6,1543,1
1537,7,1543,2
1537,8,1544,1
1537,9,1544,2
1537,10,1546,1
1541,1,1546,2
1537,11,1547,1
1542,1,1547,2
1537,12,1548,1
1543,1,1548,2
1537,13,1549,1
1544,1,1549,2
1537,14,1550,1
1537,15,1550,2
1537,16,1551,1
1537,17,1551,2
1537,18,1552,1
1537,19,1552,2
1537,20,1553,1
1537,21,1553,2
1546,1,1555,1
1552,1,1555,2
1548,1,1556,1
1551,1,1556,2
1547,1,1557,1
1553,1,1557,2
1550,1,1558,1
1549,1,1558,2
1556,1,1560,2
1555,1,1560,1
1557,1,1561,1
1558,1,1561,2
1560,1,1563,1
1561,1,1563,2
1566,4,1569,1
1566,5,1569,2
1567,4,1570,1
1567,5,1570,2
1566,3,1571,1
1566,6,1571,2
1567,3,1572,1
1567,6,1572,2
1566,2,1573,1
1566,7,1573,2
1567,2,1574,1
1567,7,1574,2
1566,1,1577,1
1569,1,1577,2
1571,1,1578,1
1573,1,1578,2
1567,1,1580,1
1570,1,1580,2
1572,1,1581,1
1574,1,1581,2
1577,1,1583,1
1578,1,1583,2
1580,1,1584,1
1581,1,1584,2
1583,2,1586,1
1583,1,1586,2
1584,2,1587,1
1584,1,1587,2
1586,1,1589,1
1587,1,1589,2
1589,1,1591,1
1589,2,1591,2
1595,8,1597,1
1595,1,1597,2
1595,7,1598,1
1595,2,1598,2
1595,6,1599,1
1595,3,1599,2
1595,5,1600,1
1595,4,1600,2
1597,1,1602,1
1598,1,1602,2
1599,1,1602,3
1600,1,1602,4
1602,4,1604,1
1602,1,1604,2
1602,3,1605,1
1602,2,1605,2
1604,1,1607,1
1605,1,1607,2
1607,2,1609,1
1607,1,1609,2
1612,8,1614,1
1612,1,1614,2
1612,7,1615,1
1612,2,1615,2
1612,6,1616,1
1612,3,1616,2
1612,5,1617,1
1612,4,1617,2
1614,1,1619,1
1615,1,1619,2
1616,1,1619,3
1617,1,1619,4
1619,4,1621,1
1619,1,1621,2
1619,3,1622,1
1619,2,1622,2
1621,1,1624,1
1622,1,1624,2
1624,2,1626,1
1624,1,1626,2
1633,0,1635,1
1638,1,1640,1
1638,5,1640,2
1638,9,1640,3
1638,13,1640,4
1638,2,1641,1
1638,6,1641,2
1638,10,1641,3
1638,14,1641,4
1638,3,1642,1
1638,7,1642,2
1638,11,1642,3
1638,15,1642,4
1638,4,1643,1
1638,8,1643,2
1638,12,1643,3
1638,16,1643,4
1640,1,1645,1
1641,1,1645,2
1642,1,1645,3
1643,1,1645,4
1640,2,1646,1
1641,2,1646,2
1642,2,1646,3
1643,2,1646,4
1645,0,1648,1
1646,0,1648,2
1645,0,1649,1
1646,0,1649,2
1645,0,1650,1
1646,0,1650,2
1645,0,1651,1
1646,0,1651,2
1648,1,1653,1
1651,1,1653,2
1649,1,1654,1
1650,1,1654,2
1653,1,1656,1
1654,1,1656,2
1660,3,1662,1
1660,6,1662,2
1660,4,1663,1
1660,5,1663,2
1662,1,1665,1
1663,1,1665,2
1660,1,1667,1
1665,2,1667,2
1660,2,1668,1
1665,1,1668,2
1667,1,1670,1
1668,1,1670,2
1670,1,1672,1
1670,2,1672,2
1676,1,1678,1
1676,2,1678,2
1676,3,1678,3
1676,4,1678,4
1676,5,1678,5
1676,6,1678,6
1676,7,1679,1
1676,8,1679,2
1676,9,1679,3
1676,10,1679,4
1676,11,1679,5
1676,12,1679,6
1687,5,1689,1
1687,12,1689,2
1687,13,1689,3
1687,6,1690,1
1687,11,1690,2
1687,14,1690,3
1687,7,1691,1
1687,10,1691,2
1687,15,1691,3
1687,18,1691,4
1687,8,1692,1
1687,9,1692,2
1687,16,1692,3
1687,17,1692,4
1692,2,1694,1
1689,1,1694,2
1691,2,1695,1
1690,1,1695,2
1690,2,1696,1
1691,1,1696,2
1689,2,1697,1
1692,1,1697,2
1694,1,1699,1
1687,1,1699,2
1695,1,1700,1
1687,2,1700,2
1696,1,1701,1
1687,3,1701,2
1697,1,1702,1
1687,4,1702,2
1699,1,1704,1
1700,1,1704,2
1701,1,1705,1
1702,1,1705,2
1704,1,1707,1
1705,1,1707,2
1721,1,1724,1
1721,2,1724,2
1721,3,1724,3
1721,4,1725,1
1721,5,1725,2
1721,6,1725,3
1721,7,1726,1
1721,8,1726,2
1721,9,1726,3
1721,10,1727,1
1722,1,1727,2
1722,2,1727,3
1724,0,1729,1
1725,0,1729,2
1726,0,1729,3
1727,0,1729,4
1724,0,1730,1
1725,0,1730,2
1726,0,1730,3
1727,0,1730,4
1724,0,1731,1
1725,0,1731,2
1726,0,1731,3
1727,0,1731,4
1729,3,1733,1
1730,3,1733,2
1731,3,1733,3
1733,1,1735,1
1733,2,1735,2
1729,1,1737,1
1735,0,1737,2
1729,2,1738,1
1731,2,1738,2
1730,1,1739,1
1735,0,1739,2
1731,1,1740,1
1730,2,1740,2
1737,1,1742,1
1738,1,1742,2
1739,1,1743,1
1740,1,1743,2
1742,2,1745,1
1743,2,1745,2
1742,1,1747,1
1743,1,1747,2
1750,1,1752,1
1750,5,1752,2
1750,9,1752,3
1750,13,1752,4
1750,2,1753,1
1750,6,1753,2
1750,10,1753,3
1750,14,1753,4
1750,3,1754,1
1750,7,1754,2
1750,11,1754,3
1750,15,1754,4
1750,4,1755,1
1750,8,1755,2
1750,12,1755,3
1750,16,1755,4
1752,1,1757,1
1753,1,1757,2
1754,1,1757,3
1755,1,1757,4
1752,2,1758,1
1753,2,1758,2
1754,2,1758,3
1755,2,1758,4
1757,0,1760,1
1758,0,1760,2
1757,0,1761,1
1758,0,1761,2
1757,0,1762,1
1758,0,1762,2
1757,0,1763,1
1758,0,1763,2
1760,1,1765,1
1761,1,1765,2
1762,1,1765,3
1763,1,1765,4
1765,4,1767,1
1765,1,1767,2
1765,3,1768,1
1765,2,1768,2
1767,1,1770,1
1768,1,1770,2
1770,1,1772,2
1770,2,1772,1
1788,1,1790,1
1788,8,1790,2
1788,2,1791,1
1788,7,1791,2
1788,3,1792,1
1788,6,1792,2
1788,4,1793,1
1788,5,1793,2
1790,1,1795,1
1793,1,1795,2
1791,1,1796,1
1792,1,1796,2
1795,1,1798,1
1796,1,1798,2
1801,1,1803,1
1801,8,1803,2
1801,2,1804,1
1801,7,1804,2
1801,3,1805,1
1801,6,1805,2
1801,4,1806,1
1801,5,1806,2
1803,1,1808,1
1806,1,1808,2
1804,1,1809,1
1805,1,1809,2
1808,1,1811,1
1809,1,1811,2
1815,0,1817,1
